#!/usr/bin/env python3
# -*- coding: utf-8 -*-
"""
Created on Sun Sep  4 08:15:08 2022

@author: shashaank
"""

import matplotlib.pyplot as plt
#causal scenario 1
z1=[1, 2, 3, 4, 5, 6, 7, 8, 9, 10, 11, 12, 13, 14, 15, 16, 17, 18, 19, 20, 21, 22, 23, 24, 25, 26, 27, 28, 29, 30, 31, 32, 33, 34, 35, 36, 37, 38, 39, 40, 41, 42, 43, 44, 45, 46, 47, 48, 49, 50, 51, 52, 53, 54, 55, 56, 57, 58, 59, 60, 61, 62, 63, 64, 65, 66, 67, 68, 69, 70, 71, 72, 73, 74, 75, 76, 77, 78, 79, 80, 81, 82, 83, 84, 85, 86, 87, 88, 89, 90, 91, 92, 93, 94, 95, 96, 97, 98, 99, 100, 101, 102, 103, 104, 105, 106, 107, 108, 109, 110, 111, 112]
#z2=
y1=[242, 241, 240, 239, 237, 235, 234, 232, 230, 229, 228, 227, 226, 225, 224, 223, 222, 221, 219, 218, 216, 215, 214, 213, 211, 210, 209, 208, 207, 206, 206, 204, 201, 201, 199, 196, 196, 194, 195, 194, 192, 191, 190, 188, 187, 185, 181, 183, 182, 177, 173, 175, 173, 173, 172, 170, 166, 164, 163, 159, 161, 154, 151, 147, 148, 147, 137, 137, 135, 136, 138, 123, 126, 126, 122, 123, 119, 122, 117, 113, 107, 106, 101, 99, 91, 88, 83, 83, 82, 89, 73, 72, 71, 70, 68, 67, 72, 71, 59, 48, 49, 41, 40, 39, 38, 45, 62, 40, 31, 29, 28, 27]
y2=[242, 241, 240, 238, 236, 235, 233, 231, 230, 229, 228, 227, 226, 225, 224, 223, 222, 220, 219, 217, 216, 215, 214, 212, 211, 210, 209, 208, 207, 206, 204, 202, 201, 199, 197, 196, 195, 194, 193, 191, 190, 189, 187, 186, 184, 182, 181, 180, 175, 174, 173, 171, 170, 169, 167, 163, 161, 160, 157, 158, 152, 148, 144, 144, 143, 136, 134, 133, 132, 133, 124, 123, 121, 120, 120, 120, 118, 113, 109, 104, 102, 97, 94, 88, 86, 81, 80, 79, 81, 74, 73, 72, 71, 69, 68, 67, 64, 56, 49, 47, 42, 39, 38, 39, 38, 39, 38, 32, 30, 29, 28, 27]
y3=[247, 241, 236, 236, 231, 226, 233, 219, 219, 222, 212, 211, 202, 201, 199, 195, 194, 190, 183, 186, 184, 176, 176, 171, 172, 168, 165, 163, 240, 158, 166, 161, 160, 157, 147, 139, 136, 135, 136, 133, 132, 135, 130, 129, 135, 134, 125, 133, 138, 138, 129, 123, 127, 115, 103, 104, 100, 97, 106, 96, 90, 125, 151, 87, 107, 85, 119, 83, 109, 109, 91, 84, 116, 245, 77, 74, 145, 96, 71, 69, 68, 71, 65, 64, 101, 62, 61, 60, 59, 58, 59, 68, 55, 50, 49, 47, 46, 45, 59, 43, 43, 40, 39, 38, 37, 36, 35, 34, 34, 30, 29, 27]
y4=[237, 233, 230, 227, 224, 222, 220, 218, 216, 209, 206, 200, 198, 194, 190, 187, 184, 181, 179, 177, 175, 173, 171, 169, 167, 165, 163, 161, 159, 157, 155, 153, 150, 143, 139, 137, 136, 135, 134, 133, 132, 131, 130, 129, 128, 126, 125, 124, 123, 120, 118, 117, 104, 102, 100, 99, 96, 94, 93, 91, 90, 89, 88, 87, 86, 85, 84, 83, 82, 81, 80, 79, 78, 77, 75, 74, 73, 72, 70, 69, 68, 66, 65, 64, 63, 62, 61, 60, 59, 58, 54, 53, 51, 50, 48, 47, 46, 45, 44, 43, 41, 40, 39, 38, 37, 36, 35, 34, 31, 29, 28, 27]
y5=[246, 244, 239, 238, 249, 235, 237, 233, 232, 232, 231, 228, 236, 224, 227, 227, 219, 215, 222, 217, 215, 214, 211, 209, 217, 208, 210, 213, 219, 200, 199, 198, 231, 196, 231, 194, 237, 204, 225, 238, 200, 205, 192, 188, 176, 179, 183, 179, 181, 178, 186, 184, 181, 166, 180, 164, 184, 163, 148, 144, 147, 140, 139, 138, 164, 136, 135, 134, 145, 134, 148, 124, 132, 199, 129, 128, 138, 163, 211, 126, 224, 115, 114, 191, 126, 99, 116, 95, 115, 89, 118, 78, 81, 67, 66, 63, 73, 64, 71, 77, 103, 68, 62, 49, 57, 46, 48, 33, 33, 30, 28, 27]
y6=[242, 240, 239, 238, 236, 235, 234, 233, 231, 229, 227, 225, 223, 222, 220, 218, 216, 215, 212, 211, 210, 208, 208, 206, 205, 204, 203, 202, 201, 200, 199, 198, 197, 196, 195, 194, 193, 192, 191, 189, 191, 183, 178, 177, 176, 179, 180, 179, 178, 176, 175, 174, 167, 166, 165, 164, 156, 149, 145, 144, 141, 140, 139, 138, 137, 136, 135, 134, 135, 133, 123, 121, 120, 118, 119, 118, 124, 124, 127, 117, 116, 115, 114, 113, 100, 99, 96, 95, 90, 89, 76, 76, 68, 67, 64, 63, 62, 60, 60, 56, 55, 51, 50, 45, 44, 42, 34, 33, 30, 29, 28, 27]
plt.plot(z1, y1, label = "redundant inequalities using 1st strategy", color='red', linestyle='dotted')
plt.plot(z1, y2, label = "non-redundant inequalities using 1st strategy", color='green', linestyle='solid')
plt.plot(z1, y3, label = "redundant inequalities using 2nd strategy", color='blue', linestyle='dotted')
plt.plot(z1, y4, label = "non-redundant inequalities using 2nd strategy", color='magenta', linestyle='solid')
plt.plot(z1, y5, label = "redundant inequalities using no strategy", color='black', linestyle='dotted')
plt.plot(z1, y6, label = "non-redundant inequalities using no strategy", color='yellow', linestyle='solid')
plt.xlabel('number of variables eliminated')
plt.ylabel('number of inequalities')
plt.title('Fourier-Motzkin elimination of variables in different orders for causal scenario 1')
plt.legend(bbox_to_anchor =(0.8558, 1.58))
plt.show()
#causal scenario 2
z3=[1, 2, 3, 4, 5, 6, 7, 8, 9, 10, 11, 12, 13, 14, 15, 16, 17, 18, 19, 20, 21, 22, 23, 24, 25, 26, 27, 28, 29, 30, 31, 32, 33, 34, 35, 36, 37, 38, 39, 40, 41, 42, 43, 44, 45, 46, 47, 48, 49, 50, 51, 52, 53, 54, 55, 56, 57, 58, 59, 60, 61, 62, 63, 64, 65, 66, 67, 68, 69, 70]#, 71, 72, 73, 74, 75]
z4=[1, 2, 3, 4, 5, 6, 7, 8, 9, 10, 11, 12, 13, 14, 15, 16, 17, 18, 19, 20, 21, 22, 23, 24, 25, 26, 27, 28, 29, 30, 31, 32, 33, 34, 35, 36, 37, 38, 39, 40, 41, 42, 43, 44, 45, 46, 47, 48, 49, 50, 51, 52, 53, 54, 55, 56, 57, 58, 59, 60, 61, 62, 63, 64, 65, 66, 67, 68, 69, 70, 71, 72, 73, 74, 75, 76, 77, 78, 79, 80, 81, 82, 83, 84, 85, 86, 87, 88, 89, 90, 91, 92, 93, 94, 95, 96, 97, 98, 99, 100, 101, 102, 103, 104, 105, 106, 107, 108, 109, 110, 111, 112] 
#z5=
y7=[322, 320, 319, 318, 317, 316, 315, 314, 312, 311, 310, 309, 308, 307, 305, 304, 303, 302, 301, 300, 298, 297, 297, 294, 294, 291, 291, 289, 287, 285, 284, 283, 280, 281, 277, 279, 279, 278, 279, 277, 275, 273, 275, 272, 279, 277, 286, 294, 292, 287, 286, 289, 291, 292, 293, 298, 297, 304, 323, 354, 380, 411, 422, 432, 415, 462, 530, 587, 705, 1009]#, 1243, 1559, 2470, 3275, 5725] 
y8=[321, 320, 319, 318, 317, 316, 315, 313, 312, 311, 310, 309, 308, 306, 305, 304, 303, 302, 301, 299, 298, 297, 295, 294, 292, 291, 289, 287, 286, 284, 283, 281, 279, 278, 277, 276, 275, 274, 272, 271, 270, 271, 273, 272, 271, 275, 280, 277, 276, 269, 270, 271, 272, 272, 281, 274, 275, 288, 305, 327, 350, 348, 367, 366, 382, 414, 456, 475, 623, 716]#, 847, 1097, 1096, 1622, 2620]
y9=[328, 333, 321, 314, 322, 308, 306, 304, 302, 323, 333, 343, 329, 314, 275, 263, 282, 271, 267, 271, 255, 252, 251, 251, 249, 249, 247, 246, 246, 249, 242, 242, 240, 266, 242, 251, 264, 255, 266, 275, 232, 327, 229, 234, 238, 239, 222, 221, 220, 285, 266, 224, 253, 214, 243, 257, 290, 227, 311, 320, 231, 241, 235, 356, 263, 246, 193, 192, 200, 218, 214, 276, 203, 185, 214, 300, 236, 324, 353, 408, 323, 188, 132, 128, 126, 154, 151, 128, 93, 84, 75, 74, 82, 77, 71, 51, 55, 52, 44, 46, 41, 40, 39, 38, 37, 36, 35, 34, 31, 29, 28, 27]
y10=[319, 316, 313, 311, 308, 306, 304, 302, 300, 298, 296, 294, 292, 271, 264, 262, 260, 258, 256, 254, 253, 252, 251, 250, 249, 248, 247, 246, 245, 243, 242, 241, 240, 239, 238, 237, 236, 235, 234, 233, 232, 230, 229, 227, 224, 223, 222, 221, 220, 219, 218, 216, 215, 214, 213, 211, 210, 207, 201, 200, 199, 198, 197, 196, 195, 194, 193, 192, 191, 189, 187, 186, 186, 185, 186, 185, 181, 174, 167, 154, 145, 126, 121, 116, 107, 104, 97, 88, 80, 75, 72, 69, 66, 60, 52, 50, 48, 45, 44, 42, 41, 40, 39, 38, 37, 36, 34, 32, 30, 29, 28, 27]
y11=[328, 323, 319, 319, 317, 315, 312, 312, 309, 309, 306, 306, 303, 303, 301, 302, 329, 312, 401, 318, 383, 316, 523, 311, 375, 312, 497, 318, 325, 266, 285, 252, 267, 315, 270, 247, 260, 244, 248, 244, 270, 387, 310, 294, 264, 259, 228, 226, 270, 359, 519, 676, 779, 980, 1329, 243, 360, 536, 801, 208, 237, 160, 159, 158, 187, 156, 155, 168, 173, 165, 158, 203, 177, 242, 239, 375, 311, 641, 1082, 247, 5134, 245, 850, 298, 2913, 4410, 509, 131, 326, 293, 219, 140, 679, 162, 133, 122, 298, 121, 212, 417, 99, 120, 81, 55, 55, 49, 45, 41, 36, 31, 30, 27] 
y12=[322, 320, 319, 317, 315, 313, 312, 310, 309, 307, 306, 304, 303, 302, 301, 300, 313, 312, 307, 306, 309, 308, 300, 299, 301, 300, 291, 290, 255, 254, 253, 252, 251, 249, 248, 247, 245, 244, 245, 244, 252, 251, 239, 238, 230, 229, 227, 226, 240, 260, 259, 270, 277, 290, 244, 225, 240, 268, 209, 200, 161, 160, 159, 158, 157, 156, 155, 154, 152, 150, 149, 148, 159, 156, 160, 156, 180, 214, 248, 247, 246, 245, 243, 296, 402, 240, 123, 131, 177, 154, 141, 140, 163, 134, 123, 122, 122, 120, 124, 82, 85, 68, 56, 46, 45, 43, 39, 35, 32, 31, 28, 27]
plt.plot(z3, y7, label = "redundant inequalities using 1st strategy", color='red', linestyle='dotted')
plt.plot(z3, y8, label = "non-redundant inequalities using 1st strategy", color='green', linestyle='solid')
plt.plot(z4, y9, label = "redundant inequalities using 2nd strategy", color='blue', linestyle='dotted')
plt.plot(z4, y10, label = "non-redundant inequalities using 2nd strategy", color='magenta', linestyle='solid')
plt.plot(z4, y11, label = "redundant inequalities using no strategy", color='black', linestyle='dotted')
plt.plot(z4, y12, label = "non-redundant inequalities using no strategy", color='yellow', linestyle='solid')
plt.xlabel('number of variables eliminated')
plt.ylabel('number of inequalities')
plt.title('Fourier-Motzkin elimination of variables in different orders for causal scenario 2')
plt.legend(bbox_to_anchor =(0.8558, 1.58))
plt.show() 
#causal scenario 3
z6=[1, 2, 3, 4, 5, 6, 7, 8, 9, 10, 11, 12, 13, 14, 15, 16, 17, 18, 19, 20, 21, 22, 23, 24, 25, 26, 27, 28, 29, 30, 31, 32, 33, 34, 35, 36, 37, 38, 39, 40, 41, 42, 43, 44, 45, 46, 47, 48] 
y13=[92, 91, 90, 89, 88, 86, 85, 84, 83, 82, 80, 79, 79, 77, 75, 72, 72, 71, 69, 68, 67, 66, 64, 64, 65, 63, 62, 64, 62, 61, 56, 52, 53, 47, 51, 51, 45, 37, 35, 34, 31, 30, 31, 28, 27, 27, 26, 25]
y14=[92, 91, 90, 89, 87, 86, 85, 84, 83, 81, 80, 79, 77, 75, 73, 72, 71, 69, 68, 67, 66, 64, 63, 64, 62, 61, 62, 60, 58, 54, 50, 50, 48, 47, 46, 43, 38, 36, 35, 32, 31, 30, 29, 28, 27, 27, 26, 25]
y15=[140, 91, 99, 89, 84, 82, 82, 80, 76, 77, 74, 79, 66, 65, 64, 63, 62, 61, 92, 77, 122, 57, 61, 59, 60, 56, 52, 52, 53, 71, 99, 56, 85, 40, 39, 38, 39, 35, 34, 44, 33, 49, 28, 27, 26, 25, 26, 25]
y16=[90, 88, 86, 84, 82, 80, 78, 76, 74, 72, 70, 67, 66, 65, 64, 63, 62, 61, 60, 59, 58, 57, 56, 55, 54, 53, 51, 50, 45, 44, 43, 42, 41, 40, 39, 38, 36, 35, 34, 33, 30, 29, 28, 27, 26, 25, 26, 25]
y17=[94, 94, 88, 87, 90, 85, 82, 82, 79, 78, 77, 85, 77, 74, 71, 70, 73, 68, 70, 75, 69, 66, 65, 64, 67, 65, 57, 56, 65, 54, 52, 51, 74, 48, 63, 58, 66, 55, 45, 49, 65, 44, 55, 37, 43, 30, 28, 25]
y18=[91, 89, 88, 87, 85, 83, 82, 80, 79, 78, 77, 75, 73, 72, 71, 70, 69, 68, 67, 66, 65, 64, 65, 64, 60, 58, 57, 56, 55, 53, 52, 51, 49, 48, 47, 45, 44, 43, 42, 46, 45, 44, 38, 37, 29, 29, 26, 25]
plt.plot(z6, y13, label = "redundant inequalities using 1st strategy", color='red', linestyle='dotted')
plt.plot(z6, y14, label = "non-redundant inequalities using 1st strategy", color='green', linestyle='solid')
plt.plot(z6, y15, label = "redundant inequalities using 2nd strategy", color='blue', linestyle='dotted')
plt.plot(z6, y16, label = "non-redundant inequalities using 2nd strategy", color='magenta', linestyle='solid')
plt.plot(z6, y17, label = "redundant inequalities using no strategy", color='black', linestyle='dotted')
plt.plot(z6, y18, label = "non-redundant inequalities using no strategy", color='yellow', linestyle='solid')
plt.xlabel('number of variables eliminated')
plt.ylabel('number of inequalities')

plt.title('Fourier-Motzkin elimination of variables in different orders for causal scenario 3')
plt.legend(bbox_to_anchor =(0.8558, 1.58))
plt.show()
#causal scenario 4
z7=[1, 2, 3, 4, 5, 6, 7, 8, 9, 10, 11, 12, 13, 14, 15, 16, 17, 18, 19, 20, 21, 22, 23, 24, 25, 26, 27, 28, 29, 30, 31, 32, 33, 34, 35, 36, 37, 38, 39, 40, 41, 42, 43, 44, 45, 46, 47, 48, 49, 50, 51, 52, 53, 54, 55, 56, 57, 58, 59, 60, 61, 62, 63, 64, 65, 66, 67, 68, 69, 70, 71, 72, 73, 74, 75, 76, 77, 78, 79, 80, 81, 82, 83, 84, 85, 86, 87, 88, 89, 90, 91, 92, 93, 94, 95, 96, 97, 98, 99, 100, 101, 102, 103, 104, 105, 106, 107, 108, 109, 110, 111, 112]
#y19=
#y20=
y21=[333, 338, 326, 326, 317, 319, 312, 310, 331, 313, 339, 309, 347, 333, 318, 279, 271, 265, 284, 273, 269, 273, 261, 253, 252, 250, 249, 248, 247, 246, 245, 244, 243, 242, 251, 246, 242, 245, 289, 308, 235, 270, 239, 243, 228, 249, 226, 309, 264, 223, 222, 228, 257, 218, 247, 261, 294, 231, 315, 246, 237, 244, 287, 348, 199, 229, 212, 524, 201, 211, 242, 214, 192, 221, 312, 245, 330, 359, 414, 329, 197, 138, 134, 133, 119, 139, 138, 119, 86, 83, 73, 73, 81, 76, 70, 56, 53, 45, 47, 42, 41, 40, 39, 38, 37, 36, 35, 34, 31, 29, 28, 27]
y22=[324, 321, 318, 316, 314, 312, 310, 308, 306, 304, 302, 300, 298, 296, 275, 268, 266, 264, 262, 260, 258, 256, 254, 253, 251, 250, 249, 248, 247, 246, 245, 244, 243, 242, 241, 240, 239, 238, 237, 236, 235, 234, 232, 229, 228, 227, 226, 225, 224, 223, 222, 220, 219, 218, 217, 215, 214, 211, 205, 204, 203, 202, 201, 200, 199, 198, 197, 196, 196, 195, 193, 193, 192, 193, 192, 187, 180, 173, 160, 152, 132, 127, 122, 113, 110, 103, 96, 87, 79, 74, 71, 68, 65, 59, 51, 49, 46, 45, 43, 42, 41, 40, 39, 38, 37, 36, 34, 32, 30, 29, 28, 27]
y23=[336, 327, 323, 322, 327, 319, 318, 317, 316, 316, 313, 311, 310, 310, 307, 310, 335, 318, 407, 320, 388, 321, 527, 351, 379, 316, 501, 314, 329, 265, 269, 256, 323, 254, 270, 252, 299, 249, 253, 249, 275, 344, 315, 267, 269, 264, 233, 231, 275, 364, 524, 681, 784, 985, 1334, 248, 365, 541, 806, 213, 242, 165, 164, 163, 175, 161, 160, 173, 178, 166, 165, 198, 181, 246, 243, 379, 315, 645, 1086, 252, 406, 250, 249, 304, 3031, 4711, 522, 136, 345, 299, 225, 146, 739, 170, 139, 128, 160, 480, 249, 608, 398, 207, 652, 67, 64, 73, 78, 36, 32, 29, 28, 27]
y24=[326, 324, 323, 322, 320, 319, 318, 317, 316, 314, 312, 311, 310, 308, 307, 306, 319, 318, 313, 311, 314, 312, 304, 303, 305, 304, 295, 294, 259, 258, 257, 256, 255, 254, 253, 252, 250, 249, 250, 249, 257, 256, 244, 243, 235, 234, 232, 231, 245, 265, 264, 275, 282, 295, 249, 230, 245, 273, 214, 205, 166, 165, 164, 163, 162, 161, 160, 159, 157, 155, 154, 152, 163, 160, 164, 160, 184, 218, 253, 252, 251, 250, 248, 302, 412, 247, 128, 136, 183, 160, 147, 146, 171, 140, 129, 128, 127, 126, 150, 139, 127, 123, 68, 55, 49, 49, 36, 33, 30, 29, 28, 27]
#plt.plot(z7, y19, label = "redundant inequalities using 1st strategy", color='red', linestyle='dotted')
#plt.plot(z7, y20, label = "non-redundant inequalities using 1st strategy", color='green', linestyle='solid')
plt.plot(z7, y21, label = "redundant inequalities using 2nd strategy", color='blue', linestyle='dotted')
plt.plot(z7, y22, label = "non-redundant inequalities using 2nd strategy", color='magenta', linestyle='solid')
plt.plot(z7, y23, label = "redundant inequalities using no strategy", color='black', linestyle='dotted')
plt.plot(z7, y24, label = "non-redundant inequalities using no strategy", color='yellow', linestyle='solid')
plt.xlabel('number of variables eliminated')
plt.ylabel('number of inequalities')
plt.title('Fourier-Motzkin elimination of variables in different orders for causal scenario 4')
plt.legend(bbox_to_anchor =(0.8558, 1.58))
plt.show()
#causal scenario 5
z8=[1, 2, 3, 4, 5, 6, 7, 8, 9, 10, 11, 12, 13, 14, 15, 16, 17, 18, 19, 20, 21, 22, 23, 24, 25, 26, 27, 28, 29, 30, 31, 32, 33, 34, 35, 36, 37, 38, 39, 40, 41, 42, 43, 44, 45, 46, 47, 48, 49, 50, 51, 52, 53, 54, 55, 56, 57, 58, 59, 60, 61, 62, 63, 64, 65, 66, 67, 68, 69, 70, 71, 72, 73, 74, 75, 76, 77, 78, 79, 80, 81, 82, 83, 84, 85, 86, 87, 88, 89, 90, 91, 92, 93, 94, 95, 96, 97, 98, 99, 100, 101, 102, 103, 104, 105, 106, 107, 108, 109, 110, 111, 112]
y25=[333, 338, 326, 326, 317, 319, 312, 310, 331, 313, 339, 309, 347, 333, 318, 279, 271, 265, 284, 273, 269, 273, 261, 253, 252, 250, 249, 248, 247, 246, 245, 244, 243, 242, 251, 246, 242, 245, 289, 308, 235, 270, 239, 243, 228, 249, 226, 309, 264, 223, 222, 228, 257, 218, 247, 261, 294, 231, 315, 246, 237, 244, 287, 348, 199, 229, 317, 376, 211, 242, 198, 214, 192, 221, 312, 245, 329, 226, 297, 196, 141, 137, 136, 125, 119, 139, 138, 119, 86, 83, 73, 73, 81, 76, 70, 56, 53, 45, 47, 42, 41, 40, 39, 38, 37, 36, 35, 34, 31, 29, 28, 27]
y26=[324, 321, 318, 316, 314, 312, 310, 308, 306, 304, 302, 300, 298, 296, 275, 268, 266, 264, 262, 260, 258, 256, 254, 253, 251, 250, 249, 248, 247, 246, 245, 244, 243, 242, 241, 240, 239, 238, 237, 236, 235, 234, 232, 229, 228, 227, 226, 225, 224, 223, 222, 220, 219, 218, 217, 215, 214, 211, 205, 204, 203, 202, 201, 200, 199, 198, 197, 196, 195, 193, 193, 193, 192, 193, 192, 186, 179, 163, 149, 135, 130, 125, 116, 113, 110, 103, 96, 87, 79, 74, 71, 68, 65, 59, 51, 49, 46, 45, 43, 42, 41, 40, 39, 38, 37, 36, 34, 32, 30, 29, 28, 27]
y27=[336, 327, 323, 322, 327, 319, 318, 317, 316, 316, 313, 311, 310, 310, 307, 310, 335, 318, 407, 320, 388, 321, 527, 351, 379, 316, 501, 314, 329, 265, 269, 256, 323, 254, 270, 252, 299, 249, 253, 249, 275, 344, 315, 267, 269, 264, 233, 231, 275, 364, 524, 681, 784, 985, 1334, 248, 365, 541, 806, 213, 242, 165, 164, 163, 175, 161, 160, 173, 178, 166, 165, 198, 181, 246, 243, 379, 315, 645, 1086, 252, 406, 250, 249, 304, 3031, 4711, 522, 136, 345, 299, 225, 146, 739, 170, 139, 128, 160, 248, 249, 608, 398, 207, 652, 67, 64, 73, 78, 36, 32, 29, 28, 27]
y28=[326, 324, 323, 322, 320, 319, 318, 317, 316, 314, 312, 311, 310, 308, 307, 306, 319, 318, 313, 311, 314, 312, 304, 303, 305, 304, 295, 294, 259, 258, 257, 256, 255, 254, 253, 252, 250, 249, 250, 249, 257, 256, 244, 243, 235, 234, 232, 231, 245, 265, 264, 275, 282, 295, 249, 230, 245, 273, 214, 205, 166, 165, 164, 163, 162, 161, 160, 159, 157, 155, 154, 152, 163, 160, 164, 160, 184, 218, 253, 252, 251, 250, 248, 302, 412, 247, 128, 136, 183, 160, 147, 146, 171, 140, 129, 128, 127, 126, 150, 139, 127, 123, 68, 55, 49, 49, 36, 33, 30, 29, 28, 27] 
plt.plot(z8, y25, label = "redundant inequalities using 2nd strategy", color='blue', linestyle='dotted')
plt.plot(z8, y26, label = "non-redundant inequalities using 2nd strategy", color='magenta', linestyle='solid')
plt.plot(z8, y27, label = "redundant inequalities using no strategy", color='black', linestyle='dotted')
plt.plot(z8, y28, label = "non-redundant inequalities using no strategy", color='yellow', linestyle='solid')
plt.xlabel('number of variables eliminated')
plt.ylabel('number of inequalities')
plt.title('Fourier-Motzkin elimination of variables in different orders for causal scenario 5')
plt.legend(bbox_to_anchor =(0.8558, 1.58))
plt.show()
#causal scenario 6
z9=[1, 2, 3, 4, 5, 6, 7, 8, 9, 10, 11, 12, 13, 14, 15, 16, 17, 18, 19, 20, 21, 22, 23, 24, 25, 26, 27, 28, 29, 30, 31, 32, 33, 34, 35, 36, 37, 38, 39, 40, 41, 42, 43, 44, 45, 46, 47, 48, 49, 50, 51, 52, 53, 54, 55, 56, 57, 58, 59, 60, 61, 62, 63, 64, 65, 66, 67, 68, 69, 70, 71, 72, 73, 74, 75, 76, 77, 78, 79, 80, 81, 82, 83, 84, 85, 86, 87, 88, 89, 90, 91, 92, 93, 94, 95, 96, 97, 98, 99, 100, 101, 102, 103, 104, 105, 106, 107, 108, 109, 110, 111, 112] 
y29=[290, 285, 280, 274, 270, 269, 259, 255, 252, 243, 240, 234, 233, 230, 227, 229, 233, 221, 230, 223, 230, 226, 219, 197, 207, 203, 194, 190, 190, 188, 187, 196, 209, 183, 182, 181, 190, 179, 182, 181, 182, 189, 184, 195, 172, 188, 170, 169, 168, 281, 189, 173, 154, 173, 173, 163, 139, 136, 140, 142, 126, 123, 131, 137, 115, 112, 105, 101, 91, 90, 105, 90, 87, 91, 85, 84, 83, 82, 81, 80, 79, 78, 94, 102, 95, 106, 93, 92, 71, 70, 88, 80, 67, 70, 69, 74, 57, 53, 51, 44, 47, 44, 50, 39, 41, 36, 35, 32, 31, 29, 28, 27]
y30=[280, 274, 269, 265, 262, 256, 250, 245, 240, 237, 234, 232, 230, 228, 226, 224, 221, 219, 217, 215, 211, 202, 198, 196, 194, 192, 191, 190, 189, 188, 187, 186, 184, 183, 182, 181, 180, 179, 178, 177, 176, 175, 174, 173, 172, 171, 170, 169, 168, 166, 165, 153, 150, 147, 142, 139, 137, 135, 131, 126, 124, 122, 120, 112, 108, 102, 98, 92, 91, 90, 89, 88, 87, 86, 85, 84, 83, 82, 81, 80, 79, 78, 77, 76, 75, 74, 73, 72, 71, 70, 69, 68, 65, 62, 60, 52, 50, 48, 45, 44, 43, 41, 40, 39, 37, 36, 33, 31, 30, 29, 28, 27]
y31=[291, 284, 284, 283, 280, 278, 277, 280, 274, 273, 272, 272, 269, 269, 266, 267, 294, 277, 366, 279, 318, 267, 314, 247, 249, 244, 246, 233, 235, 234, 252, 224, 279, 222, 221, 220, 247, 239, 220, 216, 225, 219, 227, 218, 205, 204, 209, 202, 236, 316, 436, 511, 357, 338, 299, 172, 178, 164, 167, 148, 146, 144, 143, 142, 151, 140, 153, 138, 152, 145, 167, 133, 161, 226, 210, 345, 244, 479, 1155, 174, 256, 172, 171, 196, 813, 802, 226, 200, 1047, 3165, 212, 107, 344, 111, 90, 89, 187, 173, 193, 98, 112, 121, 190, 54, 65, 60, 48, 48, 39, 29, 28, 27]
y32=[285, 284, 282, 280, 279, 278, 277, 275, 274, 273, 272, 270, 269, 267, 266, 265, 278, 277, 272, 271, 262, 261, 244, 243, 239, 238, 230, 229, 227, 226, 225, 224, 223, 222, 221, 220, 219, 217, 217, 216, 214, 213, 207, 206, 205, 204, 203, 202, 213, 229, 226, 220, 211, 204, 173, 169, 161, 159, 149, 147, 145, 144, 143, 142, 141, 140, 139, 137, 136, 135, 134, 132, 143, 139, 146, 135, 150, 176, 175, 174, 173, 172, 171, 194, 209, 165, 164, 200, 291, 213, 108, 107, 112, 91, 90, 89, 87, 86, 84, 83, 80, 72, 55, 50, 49, 49, 43, 40, 30, 29, 28, 27]
plt.plot(z9, y29, label = "redundant inequalities using 2nd strategy", color='blue', linestyle='dotted')
plt.plot(z9, y30, label = "non-redundant inequalities using 2nd strategy", color='magenta', linestyle='solid')
plt.plot(z9, y31, label = "redundant inequalities using no strategy", color='black', linestyle='dotted')
plt.plot(z9, y32, label = "non-redundant inequalities using no strategy", color='yellow', linestyle='solid')
plt.xlabel('number of variables eliminated')
plt.ylabel('number of inequalities')
plt.title('Fourier-Motzkin elimination of variables in different orders for causal scenario 6')
plt.legend(bbox_to_anchor =(0.8558, 1.58))
plt.show()
#causal scenario 7
z10=[1, 2, 3, 4, 5, 6, 7, 8, 9, 10, 11, 12, 13, 14, 15, 16, 17, 18, 19, 20, 21, 22, 23, 24, 25, 26, 27, 28, 29, 30, 31, 32, 33, 34, 35, 36, 37, 38, 39, 40, 41, 42, 43, 44, 45, 46, 47, 48, 49, 50, 51, 52, 53, 54, 55, 56, 57, 58, 59, 60, 61, 62, 63, 64, 65, 66, 67, 68, 69, 70, 71, 72, 73, 74, 75, 76, 77, 78, 79, 80, 81, 82, 83, 84, 85, 86, 87, 88, 89, 90, 91, 92, 93, 94, 95, 96, 97, 98, 99, 100, 101, 102, 103, 104, 105, 106, 107, 108, 109, 110, 111, 112]
y33=[296, 292, 285, 281, 279, 278, 271, 269, 341, 261, 258, 255, 270, 251, 249, 264, 250, 242, 240, 239, 238, 240, 247, 234, 233, 232, 287, 229, 236, 233, 234, 252, 368, 245, 402, 281, 462, 309, 224, 217, 216, 215, 214, 221, 270, 433, 300, 287, 314, 425, 204, 261, 202, 201, 407, 229, 233, 436, 323, 230, 328, 199, 200, 189, 236, 189, 283, 326, 189, 221, 200, 200, 235, 181, 175, 188, 274, 314, 251, 215, 170, 162, 161, 175, 139, 138, 100, 99, 106, 87, 90, 75, 77, 66, 67, 63, 57, 53, 45, 44, 45, 42, 45, 38, 37, 36, 39, 35, 31, 29, 28, 27]
y34=[286, 281, 277, 273, 270, 266, 264, 262, 259, 257, 255, 253, 251, 249, 247, 245, 243, 241, 240, 239, 238, 237, 235, 234, 233, 232, 230, 229, 228, 227, 226, 225, 224, 223, 222, 221, 220, 219, 218, 217, 216, 215, 214, 211, 210, 209, 208, 207, 206, 205, 204, 203, 202, 200, 199, 198, 197, 196, 195, 194, 193, 192, 190, 189, 188, 186, 185, 184, 183, 183, 183, 182, 182, 171, 169, 170, 170, 165, 150, 146, 140, 133, 122, 112, 105, 97, 94, 91, 83, 79, 76, 73, 67, 62, 58, 52, 49, 46, 45, 44, 43, 42, 39, 38, 37, 36, 35, 32, 30, 29, 28, 27]
y35=[297, 295, 287, 286, 288, 285, 281, 283, 278, 278, 275, 274, 273, 273, 275, 268, 297, 289, 363, 283, 352, 285, 484, 292, 337, 309, 404, 279, 452, 307, 288, 257, 283, 255, 254, 253, 272, 305, 281, 255, 309, 415, 264, 263, 364, 439, 277, 236, 439, 661, 3200, 9848, 4623, 11914, 14799, 446, 2619, 8364, 8228, 434, 14033, 406, 351, 350, 571, 348, 347, 1795, 471, 343, 445, 1204, 675, 731, 780, 712, 311, 1816, 444, 784, 1878, 384, 770, 2181, 928, 514, 855, 292, 3673, 13190, 1709, 169, 1778, 165, 93, 82, 104, 124, 148, 115, 122, 207, 203, 199, 141, 243, 282, 85, 45, 29, 28, 27] 
y36=[290, 288, 287, 286, 284, 282, 281, 279, 278, 276, 275, 274, 273, 271, 269, 268, 281, 280, 276, 275, 278, 277, 269, 268, 270, 269, 268, 267, 260, 259, 258, 257, 256, 255, 254, 253, 252, 250, 256, 255, 266, 265, 264, 263, 240, 239, 237, 236, 286, 389, 541, 448, 575, 544, 447, 376, 392, 401, 435, 434, 407, 352, 351, 350, 349, 348, 347, 346, 344, 342, 341, 340, 420, 386, 362, 279, 296, 295, 287, 332, 331, 329, 328, 509, 515, 514, 192, 290, 381, 191, 170, 169, 166, 94, 83, 82, 81, 80, 78, 93, 91, 85, 86, 78, 75, 87, 56, 46, 30, 29, 28, 27]
plt.plot(z10, y29, label = "redundant inequalities using 2nd strategy", color='blue', linestyle='dotted')
plt.plot(z10, y30, label = "non-redundant inequalities using 2nd strategy", color='magenta', linestyle='solid')
plt.plot(z10, y35, label = "redundant inequalities using no strategy", color='black', linestyle='dotted')
plt.plot(z10, y36, label = "non-redundant inequalities using no strategy", color='yellow', linestyle='solid')
plt.xlabel('number of variables eliminated')
plt.ylabel('number of inequalities')
plt.title('Fourier-Motzkin elimination of variables in different orders for causal scenario 7')
plt.legend(bbox_to_anchor =(0.8558, 1.58))
plt.show()